1 186 254 16 
2 136 139 143 283 228 164 318 291 293 147 149 
3 152 291 283 147 318 15 
4 275 10 286 19 49 330 270 
6 69 233 257 297 26 329 
7 4 77 266 179 
8 25 5 110 18 117 81 292 251 28 271 121 180 
9 25 199 198 223 217 177 
10 68 10 65 76 231 199 52 215 
12 239 277 258 250 
13 239 277 258 49 56 
14 2 5 142 314 280 130 41 117 81 93 91 180 
16 229 132 
17 280 271 121 91 
18 27 21 192 194 222 216 210 
19 77 179 
22 277 11 132 258 49 250 331 
23 25 22 276 194 216 219 215 211 
24 98 129 196 221 60 
25 167 166 20 23 
26 152 
27 13 143 17 51 17 54 293 158 
28 136 316 94 
29 1 37 130 314 46 133 113 294 261 93 62 120 
32 139 67 25 31 90 
34 248 
36 277 167 257 20 23 321 247 265 150 328 
37 169 256 116 
38 235 39 229 317 15 250 263 294 
40 37 98 42 47 252 262 112 242 122 
41 174 128 318 291 150 268 121 
42 314 14 298 
44 170 3 164 15 85 254 185 126 148 29 
45 170 15 164 254 85 185 126 148 
46 2 5 314 133 93 121 
